.Random.seed <-
c(403L, 10L, -1900697984L, 1977034947L, 1817609825L, -1184342320L, 
363382830L, -15696423L, 1398612459L, -615340966L, 769957404L, 
476884767L, -1808727179L, 348465676L, -585749534L, 753817789L, 
-1193720009L, -1170534434L, 371932440L, -1431957381L, -925497831L, 
259731112L, -1979163562L, -1861650223L, -1527864189L, -2088581358L, 
2012406436L, -2085966233L, -1425072195L, -948760268L, -110816614L, 
-2009509659L, -561524097L, 1648172038L, 576090000L, -482307533L, 
1528662481L, 1066621824L, -726395298L, 2043628969L, -91857829L, 
-1020541846L, -1821852404L, -615489713L, -170943483L, 1375666876L, 
1741312914L, 1193906317L, -2013288761L, 141668270L, -1039967736L, 
-2009784821L, -1506175255L, -1107856968L, -750875034L, -1992144127L, 
-1551360621L, -1492273598L, 1627843060L, 1985598455L, 269297645L, 
6078596L, -642279766L, 2097695765L, 683670703L, 480129718L, 1528033504L, 
521813027L, 594821953L, -1691496912L, -1252168626L, -485317447L, 
1156489419L, -319369862L, 49090684L, -85052225L, 1845150101L, 
-130397780L, -298853502L, -1376755363L, -73670569L, 242808638L, 
360546168L, 13882459L, -696818759L, -1269030392L, -1538602826L, 
2068934641L, 989616675L, 533713522L, -1923397436L, -1905828217L, 
-1799219619L, 168343636L, -1112716678L, -544722491L, 1186620191L, 
-2140975450L, -950935504L, -1714339117L, -221349647L, 709428256L, 
-105086274L, -733583671L, 1926538363L, -1011410358L, -373678420L, 
508844463L, -678514331L, 293953308L, -588381326L, -202407955L, 
1959391271L, 974596174L, 617647272L, -683351381L, 467904457L, 
1260985304L, -236590458L, -740701343L, 422416115L, -1528737438L, 
-276033580L, -1525998889L, -1308254003L, -475326364L, 311326282L, 
78463925L, -2065129713L, -728818666L, -1624348992L, -212107133L, 
913259681L, -33844592L, 566284654L, 881643289L, 1964180395L, 
-1680674406L, -812939940L, -1061372833L, -822655947L, 1862598604L, 
886782754L, 2078819709L, -232946057L, 1593417630L, 1381596760L, 
-868395077L, 1193245017L, -1122209048L, -2084328682L, 956136593L, 
-1620242109L, 64594L, 439140068L, -293164761L, 69732733L, -2002435980L, 
-851434918L, -1156256091L, -140092225L, -1258086586L, -2091426352L, 
-563191821L, -2120104175L, -1709832384L, 1788833566L, -555335703L, 
-1222863589L, -71045334L, -1314561972L, -863737841L, 1460446021L, 
-1636760324L, 132862802L, 1157743821L, 1806722183L, -647078034L, 
1130017096L, 1408103755L, -1603626839L, 981920248L, -147588826L, 
1436789313L, -1726905389L, -1861267070L, -1753287244L, -593796809L, 
-1208843219L, 1358205252L, 1999185514L, -1804013355L, -1954898321L, 
-681403530L, -1263080288L, -438090397L, -420149759L, 1448363376L, 
1706497294L, 1877890937L, -222124277L, 1715767354L, 1215551292L, 
-1444866945L, 1052657621L, 923347436L, 6966082L, 2105431197L, 
-779416297L, -2080783234L, -1503396808L, -1669489893L, -293760903L, 
172464328L, 1270100214L, -1051176655L, -59082397L, -1151972558L, 
-1262828412L, 1095680199L, -1065526371L, -1044537580L, 458167738L, 
-1137822715L, -1521817121L, -625054618L, 754674672L, -1772243693L, 
852069041L, -1848875652L, -877779760L, 1965134882L, 585820328L, 
70098316L, 1155006908L, 2027866162L, 922833728L, 157785780L, 
-1577316024L, -1053289798L, -768319728L, -758652692L, -1464092588L, 
-1445214446L, 479510944L, 790308812L, 1679335264L, -182154046L, 
-514666968L, -1389762132L, 171418428L, -791067790L, 368480048L, 
1330061348L, 1011834424L, -741559590L, 1335670672L, -775301892L, 
266726804L, -592936126L, -1015772672L, 1672005692L, 357835344L, 
1026498722L, -201039032L, -545998324L, -23340324L, -1610633134L, 
92540032L, -1056716972L, 1841799144L, -569101574L, -46487728L, 
860570668L, -1888253580L, -49197422L, -368557472L, -1164857204L, 
2133840224L, -214337310L, 790621352L, -2120665396L, 2098428412L, 
-35427406L, 959136752L, 1040662980L, -44073640L, 457683322L, 
-207408720L, -504124996L, -521118124L, 1731017154L, -1267916000L, 
1978241980L, -17059760L, 1156750306L, 1522253672L, -1121896628L, 
1294987004L, 710977266L, 1908055296L, 165207156L, 580800008L, 
932390330L, 178513360L, -261855252L, 1667083156L, -346584878L, 
-353160096L, 2011163980L, -1777020128L, -80049534L, 1210208744L, 
-284238868L, -276771268L, 390022770L, -1355175056L, -1770115804L, 
1603344952L, -835649126L, -676975152L, -203405892L, 1808281236L, 
622277250L, 1776790976L, -1828120772L, 101483152L, -1292769502L, 
-1096677880L, -606543092L, 138711964L, 647535634L, 1123036032L, 
-1409815788L, -990055128L, -210698182L, -2035534896L, -1179403668L, 
1299582004L, 762245266L, -1520019104L, 77307212L, 1940239840L, 
122084258L, -2040480856L, -414765940L, 1621124028L, 199709810L, 
1239640048L, -1811876796L, 1748527192L, -1928556486L, 409757808L, 
2138918460L, -1010972908L, -1939707198L, 1443402464L, -920124292L, 
848276688L, 256361378L, 2100919848L, 1810108684L, -1877903428L, 
1599308082L, 1547245760L, -1366003148L, 69561032L, -1155640646L, 
-296280944L, 54015724L, -1263307180L, -795396462L, -486447328L, 
35723212L, 577300704L, 432856770L, 1922028584L, -743670868L, 
-970433860L, -614227470L, -1234880976L, 512284580L, 1305383352L, 
1894837082L, 654173328L, -48063620L, 1502048020L, -107877054L, 
1152110336L, -1900414020L, 1805397840L, -1062260446L, 1387268680L, 
754325516L, 1937558620L, -18189870L, 1272395264L, -156061356L, 
1631875304L, 1249816826L, 878720720L, 2112678188L, -1959802636L, 
355671442L, 904259936L, 189540364L, -1279235360L, -170986910L, 
-1150383448L, -580597172L, -999188612L, -1492443854L, 1011107440L, 
-1482073276L, 974821336L, -396578950L, -1409335760L, 1945024444L, 
92137044L, -2117789630L, 355569824L, -1085591876L, 62925264L, 
-1974959262L, -1213193496L, 1449758924L, -1386540548L, -533071374L, 
-1453684096L, 1104303604L, 472401544L, 1868099386L, -616959152L, 
1704850540L, -550401644L, -686402478L, 943491552L, -1267573556L, 
2068540576L, -425831038L, -434020120L, 1739644652L, 1987255612L, 
-1090462606L, 184021104L, -2077751260L, -19428296L, -928491750L, 
678546640L, 721606460L, 1183651732L, -1083925630L, 116101568L, 
988077628L, 1178531216L, 1170810402L, 136609044L, -1904097118L, 
-285407817L, 137566593L, -1882513530L, 821104068L, -953193227L, 
1486062943L, -1275385928L, -366802282L, 700527779L, -875557275L, 
782400386L, -940689168L, 1333207193L, 2060023947L, -1030954628L, 
389914538L, 978968543L, -35123863L, 1956180350L, 544629100L, 
1711757757L, 1248791175L, -918630800L, 846075150L, 108329531L, 
1359790365L, 1317041098L, 1738894568L, 1175900113L, -1009720893L, 
-1304016188L, 375228786L, -1279830969L, -920979439L, 482533782L, 
-1233013516L, 1142767237L, 1028036559L, 688068296L, 2083409766L, 
1333638547L, -530659595L, -373332270L, -641879776L, 273326345L, 
-338295237L, 793336716L, 1280096794L, 1958578831L, 930682329L, 
1711340142L, 121891324L, 2100857709L, 1080874263L, -253009696L, 
-1305389378L, -1659448181L, -866999539L, 861406010L, -1799586952L, 
-1708357343L, -1541807661L, -1296543500L, -219385470L, -1202326505L, 
569303777L, 311254054L, 1909344548L, -310818347L, 1685808511L, 
-291431400L, 1457361718L, -951466557L, 1988783109L, 2054481826L, 
372925328L, 588801849L, -4041749L, -1937005348L, -1602683638L, 
1662067711L, 53024329L, 1145758686L, -592708724L, -1355539619L, 
-32314521L, 2123161744L, 619806382L, 47946587L, -67376323L, 2079826346L, 
1239846472L, -1572700559L, 987373539L, 1989659364L, 1393209874L, 
2098472423L, -1549258319L, 1064065014L, 934160916L, -327527131L, 
1445774895L, 1750361064L, -1041910586L, 905531763L, -510395947L, 
1441205682L, 1668817792L, -48621719L, -1522172965L, -634232020L, 
676265274L, -927464465L, -917301639L, 1145655566L, 1033752796L, 
-318019763L, 24372919L, 1049060416L, 1192992030L, 478271467L, 
260930413L, -970704422L, -865193064L, 1910188545L, 1304669107L, 
484027092L, 437214178L, -1521873289L, 586176449L, -1479752378L, 
-1531915132L, -1146439115L, 1986421279L, 1963816312L, 682660950L, 
851314915L, -1142669659L, -2125163710L, -1390536400L, 1148305753L, 
-1417801013L, -405734596L, 2078561130L, -1777974881L, 937687081L, 
